150121,1097,0,0.1251,1025.23,24.93,1,4.27
150170,1099,0,0.1252,1025.24,24.94,1,4.24
150220,1098,0,0.1255,1025.27,24.94,1,4.25
150270,1098,0,0.1253,1025.25,24.93,1,4.24
150320,1098,0,0.1255,1025.27,24.94,1,4.27
150370,1099,0,0.1253,1025.25,24.94,1,4.25
150420,1098,0,0.1252,1025.24,24.93,1,4.25
150470,1098,0,0.1252,1025.24,24.93,1,4.24
150520,1099,0,0.1252,1025.24,24.93,1,4.25
150570,1098,0,0.1253,1025.25,24.93,1,4.24
150620,1098,0,0.1253,1025.25,24.94,1,4.25
150670,1099,0,0.1252,1025.24,24.93,1,4.25
150720,1098,0,0.1253,1025.25,24.94,1,4.24
150770,1099,0,0.1251,1025.23,24.94,1,4.27
150820,1098,0,0.1252,1025.24,24.93,1,4.25
150870,1098,0,0.1252,1025.24,24.93,1,4.25
150920,1098,0,0.1252,1025.24,24.94,1,4.25
150970,1098,0,0.1251,1025.23,24.94,1,4.24
151020,1099,0,0.1252,1025.24,24.94,1,4.25
151070,1098,0,0.1250,1025.22,24.93,1,4.24
151120,1099,0,0.1255,1025.27,24.94,1,4.24
151170,1099,0,0.1255,1025.27,24.94,1,4.24
151220,1098,0,0.1257,1025.29,24.94,1,4.25
151270,1099,0,0.1253,1025.25,24.93,1,4.24
151320,1099,0,0.1253,1025.25,24.94,1,4.24
151370,1099,0,0.1251,1025.23,24.93,1,4.25
151420,1098,0,0.1254,1025.26,24.94,1,4.27
151470,1098,0,0.1250,1025.22,24.94,1,4.24
151520,1098,0,0.1253,1025.25,24.94,1,4.25
151570,1098,0,0.1252,1025.24,24.94,1,4.24
151620,1098,0,0.1252,1025.24,24.94,1,4.25
151670,1098,0,0.1252,1025.24,24.94,1,4.25
151720,1098,0,0.1253,1025.25,24.94,1,4.25
151770,1098,0,0.1253,1025.25,24.94,1,4.25
151820,1099,0,0.1253,1025.25,24.94,1,4.24
151870,1098,0,0.1249,1025.21,24.93,1,4.25
151920,1098,0,0.1253,1025.25,24.94,1,4.24
151970,1099,0,0.1253,1025.25,24.94,1,4.25
152020,1098,0,0.1254,1025.26,24.94,1,4.27
152070,1099,0,0.1253,1025.25,24.93,1,4.24
152122,1098,0,0.1253,1025.25,24.93,1,4.24
152171,1098,0,0.1254,1025.26,24.94,1,4.24
152221,1098,0,0.1255,1025.27,24.94,1,4.24
152271,1098,0,0.1252,1025.24,24.94,1,4.27
152321,1099,0,0.1251,1025.23,24.94,1,4.24
152371,1099,0,0.1253,1025.25,24.94,1,4.24
152421,1099,0,0.1252,1025.24,24.94,1,4.25
152471,1099,0,0.1252,1025.24,24.94,1,4.25
152521,1099,0,0.1255,1025.27,24.94,1,4.25
152571,1098,0,0.1254,1025.26,24.94,1,4.24
152621,1098,0,0.1253,1025.25,24.94,1,4.24
152671,1099,0,0.1255,1025.27,24.94,1,4.25
152721,1099,0,0.1255,1025.27,24.93,1,4.24
152771,1099,0,0.1256,1025.28,24.94,1,4.27
152821,1098,0,0.1253,1025.25,24.94,1,4.27
152871,1099,0,0.1253,1025.25,24.94,1,4.25
152921,1098,0,0.1254,1025.26,24.93,1,4.27
152971,1099,0,0.1255,1025.27,24.94,1,4.24
153021,1099,0,0.1253,1025.25,24.94,1,4.24
153071,1099,0,0.1254,1025.26,24.93,1,4.27
153121,1099,0,0.1255,1025.27,24.94,1,4.25
153171,1099,0,0.1252,1025.24,24.94,1,4.25
153221,1099,0,0.1254,1025.26,24.94,1,4.25
153271,1099,0,0.1253,1025.25,24.94,1,4.25
153321,1098,0,0.1257,1025.29,24.94,1,4.25
153371,1099,0,0.1257,1025.29,24.94,1,4.27
153421,1099,0,0.1256,1025.28,24.94,1,4.27
153471,1099,0,0.1253,1025.25,24.93,1,4.24
153521,1098,0,0.1254,1025.26,24.93,1,4.27
153571,1099,0,0.1255,1025.27,24.93,1,4.24
153621,1099,0,0.1257,1025.29,24.94,1,4.24
153671,1099,0,0.1254,1025.26,24.94,1,4.27
153721,1099,0,0.1252,1025.24,24.93,1,4.25
153771,1099,0,0.1257,1025.29,24.93,1,4.24
153821,1098,0,0.1255,1025.27,24.93,1,4.27
153871,1099,0,0.1253,1025.25,24.94,1,4.24
153921,1098,0,0.1254,1025.26,24.94,1,4.25
153971,1098,0,0.1254,1025.26,24.94,1,4.27
154021,1098,0,0.1255,1025.27,24.93,1,4.25
154071,1099,0,0.1254,1025.26,24.93,1,4.24
154123,1099,0,0.1254,1025.26,24.93,1,4.27
154172,1099,0,0.1250,1025.22,24.93,1,4.27
154222,1098,0,0.1255,1025.27,24.93,1,4.25
154272,1099,0,0.1254,1025.26,24.94,1,4.27
154322,1099,0,0.1255,1025.27,24.94,1,4.25
154372,1099,0,0.1254,1025.26,24.94,1,4.27
154422,1099,0,0.1253,1025.25,24.94,1,4.27
154472,1099,0,0.1252,1025.24,24.94,1,4.25
154522,1098,0,0.1254,1025.26,24.93,1,4.25
154572,1098,0,0.1254,1025.26,24.94,1,4.25
154622,1099,0,0.1254,1025.26,24.94,1,4.25
154672,1099,0,0.1256,1025.28,24.94,1,4.25
154722,1098,0,0.1255,1025.27,24.94,1,4.27
154772,1099,0,0.1256,1025.28,24.94,1,4.24
154822,1099,0,0.1253,1025.25,24.94,1,4.27
154872,1099,0,0.1255,1025.27,24.93,1,4.27
154922,1099,0,0.1257,1025.29,24.93,1,4.25
154972,1099,0,0.1257,1025.29,24.94,1,4.27
155022,1098,0,0.1255,1025.27,24.94,1,4.27
155072,1099,0,0.1252,1025.24,24.94,1,4.25
155122,1099,0,0.1255,1025.27,24.94,1,4.24
155172,1099,0,0.1253,1025.25,24.94,1,4.25
155222,1098,0,0.1253,1025.25,24.94,1,4.25
155272,1099,0,0.1255,1025.27,24.94,1,4.25
ESP-ROM:esp32c3-api1-20210207
Build:Feb  7 2021
rst:0x1 (POWERON),boot:0xc (SPI_FAST_FLASH_BOOT)
SPIWP:0xee
mode:DIO, clock div:1
load:0x3fcd5810,len:0x438
load:0x403cc710,len:0x90c
load:0x403ce710,len:0x2624
entry 0x403cc710
DEPTH_SENSOR_OK
LOW_LEVEL_DEPTH_ACTUATOR_INTERFACE_READY
=== READY SIGNAL RECEIVED ===
