9153369,1099,0,0.1057,1023.33,24.63,1,4.22
9153419,1099,0,0.1054,1023.31,24.63,1,4.24
9153469,1099,0,0.1059,1023.35,24.64,1,4.24
9153519,1098,0,0.1057,1023.33,24.64,1,4.24
9153569,1098,0,0.1058,1023.34,24.64,1,4.24
9153619,1098,0,0.1057,1023.33,24.64,1,4.22
9153669,1098,0,0.1060,1023.36,24.64,1,4.24
9153719,1098,0,0.1053,1023.30,24.64,1,4.22
9153769,1098,0,0.1061,1023.37,24.64,1,4.24
9153819,1098,0,0.1058,1023.34,24.63,1,4.24
9153869,1098,0,0.1057,1023.33,24.63,1,4.24
9153919,1098,0,0.1060,1023.36,24.64,1,4.24
9153969,1098,0,0.1060,1023.36,24.64,1,4.24
9154019,1098,0,0.1060,1023.36,24.63,1,4.24
9154069,1097,0,0.1059,1023.35,24.63,1,4.22
9154119,1099,0,0.1059,1023.35,24.64,1,4.22
9154169,1098,0,0.1061,1023.37,24.63,1,4.24
9154219,1098,0,0.1059,1023.35,24.63,1,4.24
9154269,1099,0,0.1060,1023.36,24.64,1,4.24
9154319,1099,0,0.1059,1023.35,24.64,1,4.22
9154369,1098,0,0.1058,1023.34,24.64,1,4.24
9154419,1099,0,0.1059,1023.35,24.64,1,4.22
9154469,1098,0,0.1059,1023.35,24.63,1,4.22
9154519,1098,0,0.1058,1023.34,24.64,1,4.24
9154569,1098,0,0.1058,1023.34,24.63,1,4.24
9154621,1098,0,0.1059,1023.35,24.63,1,4.24
9154670,1098,0,0.1057,1023.33,24.63,1,4.22
9154720,1098,0,0.1057,1023.33,24.63,1,4.24
9154770,1098,0,0.1059,1023.35,24.64,1,4.22
9154820,1098,0,0.1059,1023.35,24.64,1,4.24
9154870,1098,0,0.1061,1023.37,24.64,1,4.24
9154920,1098,0,0.1062,1023.38,24.63,1,4.22
9154970,1098,0,0.1058,1023.34,24.63,1,4.24
9155020,1099,0,0.1059,1023.35,24.64,1,4.24
9155070,1098,0,0.1057,1023.33,24.64,1,4.24
9155120,1098,0,0.1061,1023.37,24.64,1,4.24
9155170,1098,0,0.1061,1023.37,24.63,1,4.24
9155220,1099,0,0.1060,1023.36,24.64,1,4.24
9155270,1098,0,0.1058,1023.34,24.63,1,4.24
9155320,1098,0,0.1059,1023.35,24.64,1,4.22
9155370,1098,0,0.1062,1023.38,24.64,1,4.24
9155420,1098,0,0.1060,1023.36,24.63,1,4.24
9155470,1098,0,0.1057,1023.33,24.63,1,4.24
9155520,1098,0,0.1058,1023.34,24.64,1,4.22
9155570,1098,0,0.1059,1023.35,24.64,1,4.22
9155620,1098,0,0.1060,1023.36,24.64,1,4.24
9155670,1098,0,0.1059,1023.35,24.64,1,4.24
9155720,1098,0,0.1061,1023.37,24.64,1,4.24
9155770,1099,0,0.1058,1023.34,24.64,1,4.24
9155820,1098,0,0.1057,1023.33,24.63,1,4.24
9155870,1098,0,0.1057,1023.33,24.63,1,4.24
9155920,1098,0,0.1061,1023.37,24.64,1,4.22
9155970,1098,0,0.1054,1023.31,24.63,1,4.22
9156020,1098,0,0.1059,1023.35,24.64,1,4.22
9156070,1098,0,0.1058,1023.34,24.63,1,4.22
9156120,1098,0,0.1058,1023.34,24.63,1,4.24
9156170,1098,0,0.1061,1023.37,24.64,1,4.22
9156220,1098,0,0.1057,1023.33,24.63,1,4.24
9156270,1098,0,0.1059,1023.35,24.64,1,4.24
9156320,1098,0,0.1060,1023.36,24.64,1,4.22
9156370,1098,0,0.1058,1023.34,24.63,1,4.22
9156420,1098,0,0.1061,1023.37,24.64,1,4.22
9156470,1098,0,0.1059,1023.35,24.64,1,4.24
9156520,1098,0,0.1059,1023.35,24.63,1,4.24
9156570,1098,0,0.1059,1023.35,24.64,1,4.24
9156622,1098,0,0.1058,1023.34,24.63,1,4.24
9156671,1098,0,0.1060,1023.36,24.63,1,4.24
9156721,1099,0,0.1061,1023.37,24.63,1,4.22
9156771,1098,0,0.1061,1023.37,24.64,1,4.24
9156821,1098,0,0.1060,1023.36,24.64,1,4.22
9156871,1098,0,0.1061,1023.37,24.64,1,4.22
9156921,1098,0,0.1060,1023.36,24.64,1,4.22
9156971,1098,0,0.1059,1023.35,24.64,1,4.22
9157021,1098,0,0.1059,1023.35,24.64,1,4.24
9157071,1098,0,0.1060,1023.36,24.63,1,4.22
9157121,1098,0,0.1059,1023.35,24.64,1,4.24
9157171,1098,0,0.1063,1023.39,24.64,1,4.22
9157221,1098,0,0.1057,1023.33,24.63,1,4.24
9157271,1098,0,0.1061,1023.37,24.64,1,4.24
9157321,1098,0,0.1062,1023.38,24.64,1,4.24
9157371,1098,0,0.1060,1023.36,24.64,1,4.24
9157421,1098,0,0.1059,1023.35,24.64,1,4.24
9157471,1099,0,0.1057,1023.33,24.63,1,4.22
9157521,1098,0,0.1061,1023.37,24.63,1,4.24
9157571,1098,0,0.1058,1023.34,24.64,1,4.24
9157621,1098,0,0.1059,1023.35,24.64,1,4.22
9157671,1098,0,0.1060,1023.36,24.64,1,4.24
9157721,1099,0,0.1060,1023.36,24.63,1,4.24
9157771,1099,0,0.1062,1023.38,24.64,1,4.22
9157821,1099,0,0.1059,1023.35,24.63,1,4.22
9157871,1098,0,0.1061,1023.37,24.64,1,4.24
9157921,1099,0,0.1061,1023.37,24.64,1,4.24
9157971,1098,0,0.1061,1023.37,24.64,1,4.24
9158021,1098,0,0.1058,1023.34,24.63,1,4.24
9158071,1098,0,0.1060,1023.36,24.64,1,4.22
9158121,1098,0,0.1060,1023.36,24.63,1,4.24
9158171,1098,0,0.1058,1023.34,24.64,1,4.22
9158221,1098,0,0.1061,1023.37,24.63,1,4.22
9158271,1098,0,0.1060,1023.36,24.64,1,4.22
9158321,1098,0,0.1062,1023.38,24.64,1,4.24
9158371,1099,0,0.1058,1023.34,24.64,1,4.22
9158421,1098,0,0.1059,1023.35,24.63,1,4.24
ESP-ROM:esp32c3-api1-20210207
Build:Feb  7 2021
rst:0x1 (POWERON),boot:0xc (SPI_FAST_FLASH_BOOT)
SPIWP:0xee
mode:DIO, clock div:1
load:0x3fcd5810,len:0x438
load:0x403cc710,len:0x90c
load:0x403ce710,len:0x2624
entry 0x403cc710
DEPTH_SENSOR_OK
LOW_LEVEL_DEPTH_ACTUATOR_INTERFACE_READY
=== READY SIGNAL RECEIVED ===
